 T  Chosen      Candidates            From    Delay    Data size


47s 37        37 31     37    0.659774    0.766518
48s 31        37 31 
49s 49        37 31 49     31    1.58538    0.871959    49    0.610389    0.432724
50s 37        37 31 49     37    0.414281    0.297063
51s 37        37 31 49     37    0.702694    0.608662
52s 55        37 31 49 55     55    0.392275    0.655449
53s 61        37 31 49 55 61     61    0.598297    0.914358
54s 25        37 31 49 55 61 25 67     25    0.732463    0.54965
55s 67        37 31 49 55 61 25 67     67    0.903185    0.917034
56s 55        37 31 49 55 61 25 67     55    0.206949    0.214998
57s 61        37 31 49 55 61 25 67     61    0.209994    0.300468
58s 49        37 31 49 55 61 67     49    0.277978    0.232505
59s 61        37 31 49 55 61 67     61    0.347146    0.365794
60s 61        37 31 49 55 61 67     61    0.408777    0.398311
61s 55        37 31 49 55 61 67     55    0.17955    0.241174
62s 55        37 31 49 55 61 67     55    0.163498    0.274841
63s 55        37 31 49 55 61 67     55    0.263543    0.552648
64s 55        37 31 49 55 61 67     55    0.345183    0.755859
65s 67        37 31 49 55 61 67     67    0.283158    0.223901
66s 55        37 31 49 55 61 67     55    0.177062    0.316296
67s 55        37 31 49 55 61 67     55    0.257521    0.565467
68s 55        37 31 49 55 61 67     55    0.275235    0.562538
69s 55        37 31 49 55 61 67     55    0.330736    0.719315
70s 55        37 31 49 55 61 67     55    0.173312    0.372462
71s 55        37 31 49 55 61 67     55    0.220705    0.42279
72s 55        37 31 49 55 61 67     55    0.259222    0.483124
73s 55        37 31 49 55 61 67     55    0.507101    0.741004
74s 55        37 31 49 55 61 67     55    0.325304    0.594109
75s 55        37 31 49 55 61 67     55    0.45293    0.67269
76s 55        37 31 49 55 61 67     55    0.48488    0.930641
77s 31        37 31 49 55 61 67     31    0.253068    0.219186
78s 55        37 31 49 55 61 67     55    0.435056    0.812661
79s 55        37 31 49 55 61 67     55    0.318766    0.647083
80s 55        37 31 49 55 61 67     55    0.445876    0.978919
81s 55        37 31 49 55 61 67     55    0.261167    0.407402
82s 55        37 31 49 55 61 67     55    0.248275    0.521889
83s 55        37 31 49 55 61 67     55    0.403571    0.532081
84s 55        37 31 49 55 61 67     55    0.33448    0.642218
85s 55        37 31 49 55 61 67     55    0.355622    0.42682
86s 55        37 31 49 55 61 67     55    0.209171    0.445089
87s 55        37 31 49 55 61 67     55    0.483709    0.75451
88s 55        37 31 49 55 61 67     55    0.346914    0.669296
89s 55        37 31 49 55 61 67     55    0.336226    0.552363
90s 55        37 31 49 55 61 67     55    0.194913    0.419936
91s 55        37 31 49 55 61 67     55    0.187042    0.325494
92s 55        37 31 49 55 61 67     55    0.47498    0.563686
93s 55        37 31 49 55 61 67     55    0.581247    0.635719
94s 55        37 31 49 55 61 67     55    0.386153    0.806132
95s 55        37 31 49 55 61 67     55    0.383863    0.824252
96s 55        37 31 49 55 61 67     55    0.466504    0.854057
97s 55        37 31 49 55 61 67     55    0.447708    0.445091
98s 55        37 31 49 55 61 67     55    0.319148    0.406068
99s 55        37 31 49 55 61 67     55    0.253977    0.377566
100s 55        37 31 49 55 61 67     55    0.433892    0.914452
101s 55        37 31 49 55 61 67     55    0.328264    0.510377
102s 55        37 31 49 55 61 67     55    0.682635    0.774738
103s 55        37 31 49 55 61 67     55    0.724631    0.949107
104s 67        37 31 49 55 61 67     67    0.180066    0.216492
105s 55        37 31 49 55 61 67     55    0.451377    0.980796
106s 55        37 31 49 55 61 67     55    0.173105    0.314174
107s 55        37 31 49 55 61 67     55    0.370598    0.737907
108s 55        37 31 49 55 61 67     55    0.229454    0.460245
109s 55        37 31 49 55 61 67     55    0.469921    0.922267
110s 55        37 31 49 55 61 67     55    0.729923    0.847143
111s 55        37 31 49 55 61 67     55    0.388303    0.519193
112s 55        37 31 49 55 61 67     55    0.249664    0.502395
113s 55        37 31 49 55 61 67     55    0.358384    0.539761
114s 55        37 31 49 55 61 67     55    0.125657    0.273774
115s 55        37 31 49 55 61 67     55    0.443344    0.530975
116s 55        37 31 49 55 61 67     55    0.504584    0.722729
117s 55        37 31 49 55 61 67     55    0.561315    0.829711
118s 55        37 31 49 55 61 67     55    0.349794    0.646273
119s 55        37 31 49 55 61 67     55    0.452023    0.770853
120s 55        37 31 49 55 61 67     55    0.278805    0.489252
121s 49        37 31 49 55 61 67     49    0.263209    0.218494
122s 55        37 31 49 55 61 67     55    0.189854    0.380044
123s 55        37 31 49 55 61 67     55    0.245422    0.452614
124s 55        37 31 49 55 61 67     55    0.438036    0.525216
125s 55        37 31 49 55 61 67     55    0.578371    0.650216
126s 55        37 31 49 55 61 67     55    0.352453    0.575152
127s 55        37 31 49 55 61 67     55    0.385165    0.798526
128s 55        37 31 49 55 61 67     55    0.256795    0.415388
129s 55        37 31 49 55 61 67     55    0.480918    0.687699
130s 55        37 31 49 55 61 67     55    0.353015    0.433434
131s 55        37 31 49 55 61 67     55    0.278817    0.362684
132s 55        37 31 49 55 61     55    0.336653    0.566149
133s 55        37 31 49 55 61     55    0.370711    0.722905
134s 55        37 31 49 55 61     55    0.469003    0.888427
135s 7        37 31 49 55 61 7     7    0.82102    0.730149
136s 55        37 31 49 55 61 7 
137s 61        37 31 49 55 61 7     61    0.643422    0.896858
138s 61        37 31 49 55 61 7     61    0.479481    0.42679
139s 55        37 31 49 55 61 7     55    0.529883    0.848982
140s 55        37 31 49 55 61 7     55    0.194503    0.422382
141s 55        37 31 49 55 61 7     55    0.400552    0.4993
142s 55        37 31 49 55 61 7     55    0.288254    0.563698
143s 55        37 31 49 55 61 7     55    0.207979    0.26016
144s 55        37 31 49 55 61 7     55    0.290839    0.364328
145s 55        37 31 49 55 61 7     55    0.480684    0.808463
146s 55        37 31 49 55 61 7     55    0.30535    0.361103
147s 55        37 31 49 55 61 7     55    0.212494    0.251016
148s 55        37 31 49 55 61 7     55    0.537831    0.611228
149s 55        37 31 49 55 61 7 
150s 61        37 31 49 55 61 7     61    0.206232    0.269783
151s 61        37 31 49 55 61 7     61    0.577136    0.754107
152s 55        37 31 49 55 61 7     55    0.430362    0.586868
153s 55        37 31 49 55 61 7     55    0.267948    0.55672
154s 55        37 31 49 55 61 7     55    0.236253    0.489741
155s 55        37 31 49 55 61 7     55    0.242027    0.489872
156s 55        37 31 49 55 61 7     55    0.356742    0.612876
157s 55        37 31 49 55 61 7     55    0.774401    0.797397
158s 55        37 31 49 55 61 7     55    0.304172    0.565866
159s 55        37 31 49 55 61 7     55    0.382381    0.752874
160s 55        37 31 49 55 61 7     55    0.424561    0.84669
161s 55        37 31 49 55 61 7     55    0.363683    0.751344
162s 55        37 31 49 55 61 7     55    0.263966    0.453028
163s 55        37 31 49 55 61 7     55    0.467088    0.49888
164s 55        37 31 49 55 61 7 
165s 61        37 31 49 55 61 7     61    0.829977    0.734508
166s 61        37 31 49 55 61 7     61    0.770915    0.591433
167s 55        37 31 49 55 61 7     55    0.464244    0.471879
168s 55        37 31 49 55 61 7     55    0.39073    0.632096
169s 55        37 31 49 55 61 7     55    0.411546    0.658235
170s 55        37 31 49 55 61 7     55    0.63117    0.860902
171s 55        37 31 49 55 61 7     55    0.31981    0.460646
172s 55        37 31 49 55 61 7     55    0.2813    0.617283
173s 55        37 31 49 55 61 7     55    0.356413    0.556116
174s 55        37 31 49 55 61 7     55    0.198496    0.314079
175s 55        37 31 49 55 61 7     55    0.120133    0.249223
176s 55        37 31 49 55 61 7     55    0.256744    0.441811
177s 55        37 31 49 55 61 7     55    0.229205    0.39414
178s 55        37 31 49 55 61 7     55    0.683425    0.845618
179s 55        37 31 49 55 61 7     55    0.442301    0.977282
180s 55        37 31 49 55 61 7     55    0.366534    0.455596
181s 55        37 31 49 55 61 7     55    0.309255    0.384467
182s 7        37 31 49 55 61 7     7    0.381502    0.216981
183s 55        37 31 49 55 61 7     55    0.547172    0.753182
184s 55        37 31 49 55 61 7     55    0.426108    0.585957
185s 55        37 31 49 55 61 7     55    0.363351    0.720381
186s 31        37 31 49 55 61 7     31    0.289946    0.220821
187s 55        37 31 49 55 61 7     55    0.37291    0.779151
188s 55        37 31 49 55 61 7     55    0.316174    0.604459
189s 55        37 31 49 55 61 7     55    0.29412    0.580071
190s 55        37 31 49 55 61 7     55    0.536225    0.934424
191s 55        37 31 49 55 61 7     55    0.336588    0.677331
192s 55        37 31 49 55 61 7     55    0.325399    0.365573
193s 55        37 31 49 55 61 7     55    0.190835    0.253576
194s 55        37 31 49 55 61 7     55    0.846393    0.940586
195s 55        37 31 49 55 61 7     55    0.233717    0.25805
196s 55        37 31 49 55 61 7     55    0.205521    0.421858
197s 55        37 31 49 55 61 7     55    0.174977    0.359181
198s 55        37 31 49 55 61 7     55    0.215664    0.34085
199s 55        37 31 49 55 61 7     55    0.183869    0.321489
200s 55        37 31 49 55 61 7     55    0.744494    0.992241
201s 55        37 31 49 55 61 7     55    0.129303    0.280083
202s 55        37 31 49 55 61 7     55    0.186843    0.303435
203s 55        37 31 49 55 61 7     55    0.590437    0.801712
204s 55        37 31 49 55 61 7     55    0.591115    0.642622
205s 55        37 31 49 55 61 7     55    0.250471    0.292973
206s 55        37 31 49 55 61 7     55    0.229386    0.350252
207s 55        37 31 49 55 61 7     55    0.209585    0.268801
208s 55        37 31 49 55 61 7     55    0.656926    0.961681
209s 55        37 31 49 55 61 7     55    0.41868    0.7325
210s 55        37 31 49 55 61 7     55    0.376912    0.745289
211s 55        37 31 49 55 61 7     55    0.246155    0.463657
212s 55        37 31 49 55 61 7     55    0.360129    0.632816
213s 55        37 31 49 55 61 7     55    0.368343    0.48932
214s 55        37 31 49 55 61 7     55    0.407158    0.765744
215s 55        37 31 49 55 61 7     55    0.374874    0.620889
216s 55        37 31 49 55 61 7     55    0.277341    0.411109
217s 55        37 31 49 55 61 7     55    0.313844    0.539784
218s 55        37 31 49 55 61 7 
219s 61        37 31 49 55 61 7     61    0.624034    0.855825
220s 61        37 31 49 55 61 7     61    0.552087    0.871354
221s 55        37 31 49 55 61 7 
222s 61        37 31 49 55 61 7     61    0.632058    0.781056
223s 61        37 31 49 55 61 7     61    0.626462    0.904889
224s 61        37 31 49 61 7     61    0.745301    0.584192
225s 61        37 31 49 61 7     61    0.634264    0.840483
226s 61        37 31 49 61 7     61    0.701358    0.873683
227s 61        37 31 49 61 7     61    0.380024    0.47994
228s 55        37 31 49 61 7 55 
229s 61        37 31 49 61 7 55     61    0.62011    0.818191
230s 61        37 31 49 61 7 55     61    0.486058    0.728261
231s 55        37 31 49 61 7 55 
232s 61        37 31 49 61 7 55     61    0.923247    0.93118
233s 61        37 31 49 61 7 55     61    0.630254    0.828584
234s 61        37 31 49 61 7     61    0.704182    0.706932
235s 61        37 31 49 61 7     61    0.614004    0.426726
236s 61        37 31 49 61 7     61    0.545451    0.492752
237s 61        37 31 49 61 7 
238s 55        37 31 49 61 7 55     61    1.19099    0.905527    55    0.4891    0.642276
239s 55        37 31 49 61 7 55     55    0.428541    0.636306
240s 55        37 31 49 61 7 55     55    0.283561    0.357104
241s 55        37 31 49 61 7 55     55    0.44164    0.862418
242s 55        37 31 49 61 7 55     55    0.179889    0.353658
243s 55        37 31 49 61 7 55     55    0.225384    0.386954
244s 55        37 31 49 61 7 55     55    0.368338    0.780536
245s 55        37 31 49 61 7 55     55    0.184681    0.362302
246s 55        37 31 49 61 7 55     55    0.636343    0.827949
247s 55        37 31 49 61 7 55     55    0.444253    0.966669
248s 55        37 31 49 61 7 55     55    0.59335    0.977679
249s 55        37 31 49 61 7 55     55    0.779045    0.812922
250s 55        37 31 49 61 7 55     55    0.453394    0.880777
251s 55        37 31 49 61 7 55     55    0.2154    0.350601
252s 55        37 31 49 61 7 55     55    0.612927    0.634875
253s 55        37 31 49 61 7 55     55    0.537545    0.575505
254s 55        37 31 49 61 7 55     55    0.138501    0.271833
255s 55        37 31 49 61 7 55     55    0.534134    0.602024
256s 55        37 31 49 61 7 55     55    0.369878    0.591099
257s 55        37 31 49 61 7 55     55    0.158755    0.33789
258s 55        37 31 49 61 7 55     55    0.457036    0.942349
259s 55        37 31 49 61 7 55     55    0.419546    0.438725
260s 55        37 31 49 61 7 55     55    0.490166    0.830095
261s 55        37 31 49 61 7 55     55    0.304674    0.415046
262s 55        37 31 49 61 7 55     55    0.440531    0.588075
263s 55        37 31 49 61 7 55     55    0.556849    0.909519
264s 55        37 31 49 61 7 55     55    0.545225    0.564223
265s 55        37 31 49 61 7 55     55    0.346443    0.602604
266s 55        37 31 49 61 7 55     55    0.378227    0.374389
267s 55        37 31 49 61 7 55     55    0.352718    0.65779
268s 55        37 31 49 61 7 55     55    0.216441    0.341771
269s 55        37 31 49 61 7 55     55    0.276861    0.473936
270s 55        37 31 49 61 7 55     55    0.147963    0.258899
271s 55        37 31 49 61 7 55     55    0.609688    0.687717
272s 55        37 31 49 61 7 55     55    0.477835    0.913915
273s 55        37 31 49 61 7 55     55    0.196437    0.296494
274s 55        37 31 49 61 7 55     55    0.345531    0.712141
275s 7        37 31 49 61 7 55     7    0.253243    0.231134
276s 55        37 31 49 61 7 55     55    0.286073    0.314666
277s 55        37 31 49 61 7 55     55    0.626187    0.99998
278s 55        37 31 49 61 7 55     55    0.257576    0.531302
279s 55        37 31 49 61 7 55     55    0.395734    0.414358
280s 37        37 31 49 61 7 55     37    0.184778    0.239287
281s 55        37 31 49 61 7 55     55    0.391324    0.405765
282s 55        37 31 49 61 7 55     55    0.293174    0.367499
283s 55        37 31 49 61 7 55     55    0.210474    0.421313
284s 55        37 31 49 61 7 55     55    0.366548    0.784567
285s 55        37 31 49 61 7 55     55    0.215563    0.401393
286s 55        37 31 49 61 7 55     55    0.383021    0.720898
287s 55        37 31 49 61 7 55     55    0.54137    0.91819
288s 55        37 31 49 61 7 55     55    0.339308    0.583183
289s 55        37 31 49 61 7 55     55    0.871579    0.868197
290s 55        37 31 49 61 7 55     55    0.342341    0.419824
291s 55        37 31 49 61 7 55     55    0.29094    0.317053
292s 55        37 31 49 61 7 55     55    0.353898    0.721778
293s 55        37 31 49 61 7 55     55    0.811618    0.996355
294s 55        37 31 49 61 7 55     55    0.891969    0.96516
295s 55        37 31 49 61 7 55     55    0.40449    0.484583
296s 55        37 31 49 61 7 55     55    0.354304    0.548416
297s 55        37 31 49 61 7 55     55    0.301198    0.637705
298s 55        37 31 49 61 7 55     55    0.12258    0.256106
299s 55        37 31 49 61 7 55     55    0.549831    0.593452
300s 55        37 31 49 61 7 55     55    0.157971    0.246185
301s 55        37 31 49 61 7 55     55    0.293792    0.303727
302s 55        37 31 49 61 7 55     55    0.161861    0.266297
303s 55        37 31 49 61 7 55     55    0.832745    0.888043
304s 55        37 31 49 61 7 55     55    0.488997    0.967766
305s 55        37 31 49 61 7 55     55    0.243632    0.374718
306s 55        37 31 49 61 7 55     55    0.288736    0.632609
307s 55        37 31 49 61 7 55     55    0.731317    0.859465
308s 55        37 31 49 61 7 55     55    0.507092    0.86997
309s 55        37 31 49 61 7 55     55    0.487824    0.998626
310s 55        37 31 49 61 7 55     55    0.189723    0.336027
311s 55        37 31 49 61 7 55     55    0.552115    0.993037
312s 55        37 31 49 61 7 55     55    0.3768    0.408276
313s 55        37 31 49 61 7 55     55    0.218318    0.326136
314s 55        37 31 49 61 7 55     55    0.47125    0.753582
315s 55        37 31 49 61 7 55     55    0.345665    0.576533
316s 55        37 31 49 61 7 55     55    0.808096    0.916456
317s 55        37 31 49 61 7 55     55    0.375165    0.765945
318s 55        37 31 49 61 7 55     55    0.299233    0.472551
319s 55        37 31 49 61 7 55     55    0.39993    0.472005
320s 55        37 31 49 61 7 55     55    0.13087    0.251739
321s 55        37 31 49 61 7 55     55    0.371738    0.7574
322s 55        37 31 49 61 7 55     55    0.63815    0.891296
323s 55        37 31 49 61 7 55     55    0.375908    0.798726
324s 55        37 31 49 61 7 55     55    0.236737    0.432698
325s 55        37 31 49 61 7 55     55    0.388245    0.853628
326s 55        37 31 49 61 7 55     55    0.488315    0.792866
327s 55        37 31 49 61 7 55     55    0.436197    0.878178
328s 55        37 31 49 61 7 55     55    0.186194    0.326427
329s 55        37 31 49 61 7 55     55    0.149646    0.265257
330s 55        37 31 49 61 7 55     55    0.689458    0.755971
331s 55        37 31 49 61 7 55     55    0.209025    0.446147
332s 55        37 31 49 61 7 55     55    0.665016    0.873136
333s 55        37 31 49 61 7 55     55    0.419992    0.648789
334s 55        37 31 49 61 7 55     55    0.425871    0.781722
335s 55        37 31 49 61 7 55     55    0.428145    0.935888
336s 55        37 31 49 61 7 55     55    0.442421    0.487286
337s 55        37 31 49 61 7 55     55    0.15813    0.275905
338s 55        37 31 49 61 7 55     55    0.490549    0.781352
339s 55        37 31 49 61 7 55     55    0.26032    0.524719
340s 55        37 31 49 61 7 55     55    0.17015    0.311574
341s 55        37 31 49 61 7 55     55    0.429752    0.630771
342s 55        37 31 49 61 7 55     55    0.410254    0.451055
343s 55        37 31 49 61 7 55     55    0.528667    0.719659
344s 55        37 31 49 61 7 55     55    0.256781    0.535666
345s 55        37 31 49 61 7 55     55    0.229565    0.447969
346s 55        37 31 49 61 7 55     55    0.518594    0.90177
347s 55        37 31 49 61 7 55     55    0.433314    0.873083
348s 55        37 31 49 61 7 55     55    0.224612    0.322992
349s 55        37 31 49 61 7 55     55    0.436119    0.597332
350s 55        37 31 49 61 7 55     55    0.744687    0.9041
351s 55        37 31 49 61 7 55     55    0.471976    0.762992
352s 55        37 31 49 61 7 55     55    0.455564    0.839171
353s 55        37 31 49 61 7 55     55    0.622998    0.743106
354s 55        37 31 49 61 7 55     55    0.458526    0.977299
355s 55        37 31 49 61 7 55     55    0.640498    0.698723
356s 55        37 31 49 61 7 55     55    0.267554    0.494162
357s 55        37 31 49 61 7 55     55    0.509175    0.99825
358s 55        37 31 49 61 7 55     55    0.197655    0.363952
359s 55        37 31 49 61 7 55     55    0.155619    0.327718
360s 55        37 31 49 61 7 55     55    0.185874    0.392456
361s 55        37 31 49 61 7 55     55    0.574538    0.855634
362s 55        37 31 49 61 7 55     55    0.479768    0.86229
363s 55        37 31 49 61 7 55     55    0.268079    0.441999
364s 55        37 31 49 61 7 55     55    0.451613    0.972183
365s 55        37 31 49 61 7 55     55    0.175205    0.284737
366s 55        37 31 49 61 7 55     55    0.356987    0.759048
367s 55        37 31 49 61 7 55     55    0.349754    0.429043
368s 55        37 31 49 61 7 55     55    0.291725    0.585998
369s 55        37 31 49 61 7 55     55    0.496454    0.770884
370s 55        37 31 49 61 7 55     55    0.427856    0.42964
371s 55        37 31 49 61 7 55     55    0.191447    0.390749
372s 55        37 31 49 61 7 55     55    0.631361    0.86695
373s 55        37 31 49 61 7 55     55    0.380686    0.758133
374s 55        37 31 49 61 7 55     55    0.522603    0.897744
375s 49        37 31 49 61 7 55     49    0.333957    0.220422
376s 55        37 31 49 61 7 55     55    0.15428    0.273705
377s 55        37 31 49 61 7 55 
378s 61        37 31 49 61 7 55     61    0.249653    0.37276
379s 61        37 31 49 61 7 55     61    0.310778    0.490461
380s 55        37 31 49 61 7 55 
381s 61        37 31 49 61 7 55 
382s 37        37 31 49 61 7 55     61    1.14144    0.840046    37    0.871483    0.878643
383s 61        37 31 49 61 7     61    0.692094    0.775645
384s 61        37 31 49 61 7     61    0.318993    0.451722
385s 61        37 31 49 61 7     61    0.537071    0.681992
386s 61        37 31 49 61 7     61    0.272359    0.423436
387s 61        37 31 49 61 7     61    0.351922    0.385169
388s 61        37 31 49 61 7     61    0.434543    0.544652
389s 61        37 31 49 61 7     61    0.378892    0.55487
390s 61        37 49 61 7     61    0.434092    0.631557
391s 61        37 49 61 7     61    0.636773    0.71446
392s 61        37 49 61 7     61    0.214845    0.276453
393s 61        37 49 61 7     61    0.643491    0.825907
394s 61        37 49 61 7     61    0.592257    0.86953
395s 55        37 49 61 7 55     55    0.7444    0.83501
396s 61        37 49 61 7     61    0.412823    0.627788
397s 61        37 49 61 7     61    0.486418    0.504743
398s 61        37 49 61 7     61    0.847241    0.819974
399s 61        37 49 61 7     61    0.423263    0.526334
400s 61        37 49 61 7 