[ 11.00   0.01 -10.00, 
  21.00   0.01 -10.00, 
  12.00   0.01  -9.50, 
  22.00   0.01  -9.50, 
  13.02   0.01  -9.00, 
  22.98   0.01  -9.00, 
  14.08   0.01  -8.50, 
  23.93   0.01  -8.50, 
  15.19   0.01  -8.00, 
  24.84   0.01  -8.00, 
  16.40   0.01  -7.50, 
  25.68   0.01  -7.50, 
  17.78   0.01  -7.00, 
  26.45   0.01  -7.00, 
  19.52   0.01  -6.50, 
  27.14   0.01  -6.50, 
  23.57   0.01  -6.00, 
  27.73   0.01  -6.00, 
  23.57   0.01  -5.50, 
  28.22   0.01  -5.50, 
  23.57   0.01  -5.00, 
  28.59   0.01  -5.00, 
  23.57   0.01  -4.50, 
  28.85   0.01  -4.50, 
  23.57   0.01  -4.00, 
  28.98   0.01  -4.00, 
  23.57   0.01  -3.50, 
  28.99   0.01  -3.50, 
  23.57   0.01  -3.00, 
  28.87   0.01  -3.00, 
  23.57   0.01  -2.50, 
  28.63   0.01  -2.50, 
  23.57   0.01  -2.00, 
  28.27   0.01  -2.00, 
  23.57   0.01  -1.50, 
  27.80   0.01  -1.50, 
  23.57   0.01  -1.00, 
  27.22   0.01  -1.00, 
  23.57   0.01  -0.50, 
  26.55   0.01  -0.50, 
  23.57   0.01   0.00, 
  25.79   0.01   0.00, 
  23.57   0.01   0.50, 
  24.95   0.01   0.50, 
  23.57   0.01   1.00, 
  24.05   0.01   1.00, 
  23.57   0.01   1.50, 
  23.11   0.01   1.50, 
  23.57   0.01   2.00, 
  22.13   0.01   2.00, 
  23.57   0.01   2.50, 
  21.13   0.01   2.50, 
  23.57   0.01   3.00, 
  20.13   0.01   3.00, 
  23.57   0.01   3.50, 
  19.15   0.01   3.50, 
  23.57   0.01   4.00, 
  18.19   0.01   4.00, 
  23.57   0.01   4.50, 
  17.28   0.01   4.50, 
  23.57   0.01   5.00, 
  16.43   0.01   5.00, 
  23.57   0.01   5.50, 
  15.64   0.01   5.50, 
  23.57   0.01   6.00, 
  14.95   0.01   6.00, 
  23.57   0.01   6.50, 
  14.34   0.01   6.50, 
  23.57   0.01   7.00, 
  13.84   0.01   7.00, 
  23.57   0.01   7.50, 
  13.45   0.01   7.50, 
  23.57   0.01   8.00, 
  13.18   0.01   8.00, 
  23.57   0.01   8.50, 
  13.03   0.01   8.50, 
  23.57   0.01   9.00, 
  13.01   0.01   9.00, 
  23.57   0.01   9.50, 
  13.11   0.01   9.50, 
  23.57   0.01  10.00, 
  13.33   0.01  10.00, 
  23.57   0.01  10.50, 
  13.67   0.01  10.50, 
  23.57   0.01  11.00, 
  14.13   0.01  11.00, 
  23.57   0.01  11.50, 
  14.69   0.01  11.50, 
  23.57   0.01  12.00, 
  15.36   0.01  12.00, 
  23.57   0.01  12.50, 
  16.11   0.01  12.50, 
  23.57   0.01  13.00, 
  16.93   0.01  13.00, 
  23.57   0.01  13.50, 
  17.82   0.01  13.50, 
  23.57   0.01  14.00, 
  18.76   0.01  14.00, 
  23.57   0.01  14.50, 
  19.74   0.01  14.50, 
  23.57   0.01  15.00, 
  20.73   0.01  15.00, 
  23.57   0.01  15.50, 
  21.73   0.01  15.50, 
  23.57   0.01  16.00, 
  22.72   0.01  16.00, 
  23.57   0.01  16.50, 
  23.68   0.01  16.50, 
  23.57   0.01  17.00, 
  24.60   0.01  17.00, 
  23.57   0.01  17.50, 
  25.46   0.01  17.50, 
  23.57   0.01  18.00, 
  26.26   0.01  18.00, 
  23.57   0.01  18.50, 
  26.97   0.01  18.50, 
  23.57   0.01  19.00, 
  27.58   0.01  19.00, 
  23.57   0.01  19.50, 
  28.10   0.01  19.50, 
  23.57   0.01  20.00, 
  28.50   0.01  20.00, 
  23.57   0.01  20.50, 
  28.79   0.01  20.50, 
  23.57   0.01  21.00, 
  28.96   0.01  21.00, 
  23.57   0.01  21.50, 
  29.00   0.01  21.50, 
  23.57   0.01  22.00, 
  28.91   0.01  22.00, 
  23.57   0.01  22.50, 
  28.71   0.01  22.50, 
  23.57   0.01  23.00, 
  28.38   0.01  23.00, 
  23.57   0.01  23.50, 
  27.94   0.01  23.50, 
  23.57   0.01  24.00, 
  27.39   0.01  24.00, 
  23.57   0.01  24.50, 
  26.74   0.01  24.50, 
  23.57   0.01  25.00, 
  26.00   0.01  25.00, 
  23.57   0.01  25.50, 
  25.18   0.01  25.50, 
  23.57   0.01  26.00, 
  24.30   0.01  26.00, 
  23.57   0.01  26.50, 
  23.36   0.01  26.50, 
  23.57   0.01  27.00, 
  22.39   0.01  27.00, 
  23.57   0.01  27.50, 
  21.40   0.01  27.50, 
  23.57   0.01  28.00, 
  20.40   0.01  28.00, 
  23.57   0.01  28.50, 
  19.41   0.01  28.50, 
  23.57   0.01  29.00, 
  18.44   0.01  29.00, 
  23.57   0.01  29.50, 
  17.52   0.01  29.50, 
  23.57   0.01  30.00, 
  16.65   0.01  30.00, 
  23.57   0.01  30.50, 
  15.84   0.01  30.50, 
  23.57   0.01  31.00, 
  15.12   0.01  31.00, 
  23.57   0.01  31.50, 
  14.49   0.01  31.50, 
  23.57   0.01  32.00, 
  13.96   0.01  32.00, 
  23.57   0.01  32.50, 
  13.54   0.01  32.50, 
  23.57   0.01  33.00, 
  13.24   0.01  33.00, 
  23.57   0.01  33.50, 
  13.06   0.01  33.50, 
  23.57   0.01  34.00, 
  13.00   0.01  34.00, 
  23.57   0.01  34.50, 
  13.07   0.01  34.50, 
  23.57   0.01  35.00, 
  13.26   0.01  35.00, 
  23.57   0.01  35.50, 
  13.57   0.01  35.50, 
  23.57   0.01  36.00, 
  14.00   0.01  36.00, 
  23.57   0.01  36.50, 
  14.53   0.01  36.50, 
  23.57   0.01  37.00, 
  15.17   0.01  37.00, 
  23.57   0.01  37.50, 
  15.90   0.01  37.50, 
  23.57   0.01  38.00, 
  16.71   0.01  38.00, 
  23.57   0.01  38.50, 
  17.58   0.01  38.50, 
  23.57   0.01  39.00, 
  18.51   0.01  39.00, 
  23.57   0.01  39.50, 
  19.48   0.01  39.50, 
  23.57   0.01  40.00, 
  20.47   0.01  40.00, 
  23.57   0.01  40.50, 
  21.47   0.01  40.50, 
  23.57   0.01  41.00, 
  22.46   0.01  41.00, 
  23.57   0.01  41.50, 
  23.43   0.01  41.50, 
  23.57   0.01  42.00, 
  24.36   0.01  42.00, 
  23.57   0.01  42.50, 
  25.24   0.01  42.50, 
  23.57   0.01  43.00, 
  26.05   0.01  43.00, 
  23.57   0.01  43.50, 
  26.79   0.01  43.50, 
  23.57   0.01  44.00, 
  27.43   0.01  44.00, 
  23.57   0.01  44.50, 
  27.97   0.01  44.50, 
  23.57   0.01  45.00, 
  28.41   0.01  45.00, 
  23.57   0.01  45.50, 
  28.73   0.01  45.50, 
  23.57   0.01  46.00, 
  28.92   0.01  46.00, 
  23.57   0.01  46.50, 
  29.00   0.01  46.50, 
  23.57   0.01  47.00, 
  28.95   0.01  47.00, 
  23.57   0.01  47.50, 
  28.77   0.01  47.50, 
  23.57   0.01  48.00, 
  28.48   0.01  48.00, 
  23.57   0.01  48.50, 
  28.07   0.01  48.50, 
  23.57   0.01  49.00, 
  27.54   0.01  49.00, 
  23.57   0.01  49.50, 
  26.92   0.01  49.50, 
  23.57   0.01  50.00, 
  26.20   0.01  50.00, 
  23.57   0.01  50.50, 
  25.40   0.01  50.50, 
  23.57   0.01  51.00, 
  24.54   0.01  51.00, 
  23.57   0.01  51.50, 
  23.61   0.01  51.50, 
  23.57   0.01  52.00, 
  22.65   0.01  52.00, 
  23.57   0.01  52.50, 
  21.66   0.01  52.50, 
  23.57   0.01  53.00, 
  20.66   0.01  53.00, 
  23.57   0.01  53.50, 
  19.67   0.01  53.50, 
  23.57   0.01  54.00, 
  18.70   0.01  54.00, 
  23.57   0.01  54.50, 
  17.76   0.01  54.50, 
  23.57   0.01  55.00, 
  16.87   0.01  55.00, 
  23.57   0.01  55.50, 
  16.05   0.01  55.50, 
  23.57   0.01  56.00, 
  15.31   0.01  56.00, 
  23.57   0.01  56.50, 
  14.65   0.01  56.50, 
  23.57   0.01  57.00, 
  14.09   0.01  57.00, 
  23.57   0.01  57.50, 
  13.64   0.01  57.50, 
  23.57   0.01  58.00, 
  13.31   0.01  58.00, 
  23.57   0.01  58.50, 
  13.09   0.01  58.50, 
  23.57   0.01  59.00, 
  13.00   0.01  59.00, 
  23.57   0.01  59.50, 
  13.04   0.01  59.50, 
  23.57   0.01  60.00, 
  13.19   0.01  60.00, 
  23.57   0.01  60.50, 
  13.47   0.01  60.50, 
  23.57   0.01  61.00, 
  13.87   0.01  61.00, 
  23.57   0.01  61.50, 
  14.38   0.01  61.50, 
  23.57   0.01  62.00, 
  14.99   0.01  62.00, 
  23.57   0.01  62.50, 
  15.70   0.01  62.50, 
  23.57   0.01  63.00, 
  16.49   0.01  63.00, 
  23.57   0.01  63.50, 
  17.34   0.01  63.50, 
  23.57   0.01  64.00, 
  18.26   0.01  64.00, 
  23.57   0.01  64.50, 
  19.22   0.01  64.50, 
  23.57   0.01  65.00, 
  20.20   0.01  65.00, 
  23.57   0.01  65.50, 
  21.20   0.01  65.50, 
  23.57   0.01  66.00, 
  22.20   0.01  66.00, 
  23.57   0.01  66.50, 
  23.18   0.01  66.50, 
  23.57   0.01  67.00, 
  24.12   0.01  67.00, 
  23.57   0.01  67.50, 
  25.01   0.01  67.50, 
  23.57   0.01  68.00, 
  25.84   0.01  68.00, 
  23.57   0.01  68.50, 
  26.60   0.01  68.50, 
  23.57   0.01  69.00, 
  27.27   0.01  69.00, 
  23.57   0.01  69.50, 
  27.84   0.01  69.50, 
  23.57   0.01  70.00, 
  28.30   0.01  70.00, 
  23.57   0.01  70.50, 
  28.65   0.01  70.50, 
  23.57   0.01  71.00, 
  28.88   0.01  71.00, 
  23.57   0.01  71.50, 
  28.99   0.01  71.50, 
  23.57   0.01  72.00, 
  28.97   0.01  72.00, 
  23.57   0.01  72.50, 
  28.83   0.01  72.50, 
  23.57   0.01  73.00, 
  28.57   0.01  73.00, 
  23.57   0.01  73.50, 
  28.19   0.01  73.50, 
  23.57   0.01  74.00, 
  27.69   0.01  74.00, 
  23.57   0.01  74.50, 
  27.09   0.01  74.50, 
  23.57   0.01  75.00, 
  26.40   0.01  75.00, 
  23.57   0.01  75.50, 
  25.62   0.01  75.50, 
  23.57   0.01  76.00, 
  24.77   0.01  76.00, 
  23.57   0.01  76.50, 
  23.86   0.01  76.50, 
  23.57   0.01  77.00, 
  22.91   0.01  77.00, 
  23.57   0.01  77.50, 
  21.93   0.01  77.50, 
  23.57   0.01  78.00, 
  20.93   0.01  78.00, 
  23.57   0.01  78.50, 
  19.93   0.01  78.50, 
  23.57   0.01  79.00, 
  18.95   0.01  79.00, 
  23.57   0.01  79.50, 
  18.00   0.01  79.50, 
  23.57   0.01  80.00, 
  17.10   0.01  80.00, 
  23.57   0.01  80.50, 
  16.26   0.01  80.50, 
  23.57   0.01  81.00, 
  15.50   0.01  81.00, 
  23.57   0.01  81.50, 
  14.81   0.01  81.50, 
  23.57   0.01  82.00, 
  14.23   0.01  82.00, 
  23.57   0.01  82.50, 
  13.75   0.01  82.50, 
  23.57   0.01  83.00, 
  13.39   0.01  83.00, 
  23.57   0.01  83.50, 
  13.14   0.01  83.50, 
  23.57   0.01  84.00, 
  13.02   0.01  84.00, 
  23.57   0.01  84.50, 
  13.02   0.01  84.50, 
  23.57   0.01  85.00, 
  13.14   0.01  85.00, 
  23.57   0.01  85.50, 
  13.39   0.01  85.50, 
  23.57   0.01  86.00, 
  13.76   0.01  86.00, 
  23.57   0.01  86.50, 
  14.23   0.01  86.50, 
  23.57   0.01  87.00, 
  14.82   0.01  87.00, 
  23.57   0.01  87.50, 
  15.50   0.01  87.50, 
  23.57   0.01  88.00, 
  16.27   0.01  88.00, 
  23.57   0.01  88.50, 
  17.11   0.01  88.50, 
  23.57   0.01  89.00, 
  18.01   0.01  89.00, 
  23.57   0.01  89.50, 
  18.96   0.01  89.50, 
  23.57   0.01  90.00, 
  19.94   0.01  90.00, 
 ]